89749659593897466821838212055205926765239153278206586590666432198052352622638
89749659593897466821838212055205926765239153278206586590666432173863096811586
89749659593897466821838212055205926765239153278206586590666432196952840994872
89749659593897466821838212055205926765239153278206586590666432169465050300498
89749659593897466821838212055205926765239153278206586590666432185957724717098
89749659593897466821838212055205926765239153278206586590666432171664073556362
89749659593897466821838212055205926765239153278206586590666432163967492161686
89749659593897466821838212055205926765239153278206586590666432183758701461580
89749659593897466821838212055205926765239153278206586590666432195853329367109
89749659593897466821838212055205926765239153278206586590666432174962608439335
89749659593897466821838212055205926765239153278206586590666432156270910767146
89749659593897466821838212055205926765239153278206586590666432167266027044916
89749659593897466821838212055205926765239153278206586590666432178261143322666
89749659593897466821838212055205926765239153278206586590666432188156747972647
89749659593897466821838212055205926765239153278206586590666432172763585183800
89749659593897466821838212055205926765239153278206586590666432154071887511652
89749659593897466821838212055205926765239153278206586590666432155171399139428
89749659593897466821838212055205926765239153278206586590666432160668957278255
89749659593897466821838212055205926765239153278206586590666432168365538672682
89749659593897466821838212055205926765239153278206586590666432191455282855975
89749659593897466821838212055205926765239153278206586590666432161768468906030
89749659593897466821838212055205926765239153278206586590666432152972375883876
89749659593897466821838212055205926765239153278206586590666432190355771228202
89749659593897466821838212055205926765239153278206586590666432187057236344888
89749659593897466821838212055205926765239153278206586590666432194753817739360
89749659593897466821838212055205926765239153278206586590666432177161631694924
89749659593897466821838212055205926765239153278206586590666432180460166578272
89749659593897466821838212055205926765239153278206586590666432182659189833794
89749659593897466821838212055205926765239153278206586590666432179360654950466
89749659593897466821838212055205926765239153278206586590666432199151864250444
89749659593897466821838212055205926765239153278206586590666432189256259600414
89749659593897466821838212055205926765239153278206586590666432165067003789354
89749659593897466821838212055205926765239153278206586590666432193654306111518
89749659593897466821838212055205926765239153278206586590666432158469934022695
89749659593897466821838212055205926765239153278206586590666432159569445650474
89749659593897466821838212055205926765239153278206586590666432170564561928247
89749659593897466821838212055205926765239153278206586590666432184858213089322
89749659593897466821838212055205926765239153278206586590666432181559678206034
89749659593897466821838212055205926765239153278206586590666432192554794483808
